1 0.33 0.455 0.153 0.195
0 0.174 0.527 0.233 0.369
1 0.13 0.329 0.153 0.164
1 0.522 0.908 0.172 0.178
1 0.359 0.8 0.091 0.109
1 0.808 0.602 0.113 0.142
1 0.393 0.319 0.095 0.175
1 0.695 0.13 0.217 0.225
1 0.677 0.252 0.148 0.144
1 0.963 0.527 0.073 0.247
1 0.798 0.398 0.348 0.223
1 0.87 0.479 0.109 0.098
1 0.29 0.672 0.161 0.222
1 0.645 0.88 0.117 0.159
1 0.517 0.759 0.234 0.122
1 0.586 0.616 0.228 0.328
1 0.495 0.623 0.095 0.167
1 0.406 0.635 0.094 0.227
0 0.032 0.723 0.061 0.208
0 0.026 0.523 0.048 0.181
