0 0.917 0.743 0.15 0.248
0 0.633 0.421 0.166 0.089
0 0.76 0.57 0.152 0.152
0 0.641 0.609 0.133 0.117
0 0.651 0.769 0.117 0.184
0 0.628 0.963 0.106 0.073
0 0.851 0.984 0.133 0.033
0 0.474 0.941 0.086 0.08
0 0.54 0.871 0.098 0.111
0 0.264 0.239 0.069 0.097
0 0.187 0.211 0.092 0.056
0 0.572 0.153 0.097 0.078
0 0.855 0.328 0.141 0.094
0 0.144 0.352 0.106 0.062
0 0.152 0.612 0.109 0.086
0 0.204 0.859 0.105 0.15
0 0.259 0.938 0.147 0.122
0 0.03 0.726 0.056 0.039
0 0.041 0.593 0.08 0.064
0 0.363 0.475 0.058 0.075
0 0.423 0.394 0.12 0.116
0 0.976 0.198 0.048 0.08
0 0.834 0.461 0.077 0.056
0 0.787 0.413 0.042 0.055
0 0.887 0.415 0.061 0.061
0 0.899 0.523 0.077 0.059
0 0.97 0.551 0.053 0.048
0 0.62 0.302 0.078 0.052
0 0.974 0.475 0.052 0.069
0 0.755 0.799 0.078 0.052
0 0.744 0.744 0.062 0.047
0 0.333 0.78 0.084 0.052
0 0.395 0.816 0.048 0.138
0 0.455 0.822 0.073 0.113
0 0.164 0.491 0.059 0.095
0 0.242 0.473 0.062 0.052
0 0.231 0.366 0.038 0.052
0 0.75 0.23 0.075 0.058
0 0.501 0.492 0.064 0.075
0 0.523 0.711 0.134 0.119
