1 0.735 0.701 0.23 0.261
0 0.209 0.322 0.355 0.322
0 0.158 0.673 0.312 0.453
0 0.929 0.791 0.145 0.422
0 0.502 0.724 1 0.555
0 0.559 0.281 0.378 0.3
0 0.572 0.413 0.244 0.139
0 0.808 0.463 0.272 0.213
0 0.896 0.916 0.211 0.172
0 0.928 0.7 0.144 0.253
0 0.707 0.178 0.177 0.175
1 0.887 0.183 0.23 0.363
0 0.745 0.973 0.23 0.056
0 0.112 0.188 0.22 0.17
0 0.457 0.143 0.195 0.139
0 0.713 0.066 0.189 0.114
0 0.579 0.048 0.105 0.092
0 0.325 0.105 0.097 0.102
0 0.111 0.139 0.219 0.275
0 0.374 0.08 0.311 0.156
