1 0.268 0.701 0.23 0.261
0 0.795 0.322 0.355 0.322
0 0.845 0.673 0.314 0.453
0 0.074 0.791 0.145 0.422
0 0.502 0.724 1 0.555
0 0.443 0.281 0.38 0.3
0 0.431 0.413 0.244 0.139
0 0.195 0.463 0.272 0.213
0 0.107 0.916 0.211 0.172
0 0.075 0.7 0.144 0.253
0 0.298 0.178 0.177 0.175
1 0.116 0.183 0.23 0.363
0 0.259 0.973 0.23 0.056
0 0.891 0.188 0.22 0.17
0 0.546 0.143 0.195 0.139
0 0.289 0.066 0.188 0.114
0 0.424 0.048 0.105 0.092
0 0.68 0.105 0.097 0.102
0 0.892 0.139 0.219 0.275
0 0.63 0.08 0.311 0.156
