1 0.917 0.973 0.144 0.058
1 0.273 0.695 0.172 0.25
1 0.284 0.911 0.033 0.072
1 0.452 0.93 0.105 0.07
1 0.108 0.906 0.213 0.156
1 0.379 0.395 0.177 0.213
1 0.832 0.891 0.12 0.192
1 0.605 0.984 0.08 0.036
1 0.649 0.945 0.055 0.081
1 0.499 0.65 0.155 0.319
1 0.692 0.746 0.288 0.223
1 0.607 0.591 0.123 0.128
1 0.123 0.52 0.244 0.327
0 0.763 0.592 0.106 0.084
0 0.816 0.48 0.145 0.172
0 0.858 0.373 0.147 0.109
0 0.791 0.241 0.092 0.092
0 0.835 0.185 0.117 0.077
0 0.973 0.31 0.058 0.083
0 0.445 0.26 0.111 0.067
0 0.213 0.312 0.062 0.067
0 0.503 0.334 0.072 0.102
0 0.539 0.409 0.088 0.055
0 0.589 0.341 0.084 0.075
0 0.732 0.298 0.133 0.052
