1 0.377 0.736 0.309 0.241
1 0.038 0.845 0.072 0.152
1 0.634 0.255 0.092 0.055
1 0.73 0.33 0.025 0.036
1 0.705 0.279 0.055 0.033
1 0.764 0.509 0.062 0.067
1 0.509 0.271 0.027 0.023
1 0.488 0.296 0.03 0.027
1 0.478 0.333 0.059 0.044
1 0.405 0.373 0.064 0.077
1 0.324 0.366 0.055 0.053
1 0.374 0.416 0.13 0.062
1 0.273 0.408 0.078 0.062
1 0.349 0.556 0.117 0.141
1 0.285 0.463 0.105 0.053
1 0.262 0.578 0.08 0.159
1 0.075 0.309 0.034 0.052
1 0.014 0.296 0.025 0.036
1 0.138 0.399 0.027 0.033
1 0.223 0.509 0.13 0.078
1 0.015 0.717 0.027 0.091
1 0.084 0.561 0.164 0.178
1 0.019 0.214 0.022 0.031
0 0.638 0.352 0.273 0.177
0 0.766 0.63 0.056 0.177
0 0.68 0.828 0.302 0.347
0 0.377 0.926 0.309 0.152
0 0.113 0.768 0.222 0.467
0 0.4 0.593 0.066 0.083
1 0.576 0.551 0.317 0.236
1 0.532 0.39 0.127 0.114
0 0.11 0.446 0.217 0.052
0 0.089 0.254 0.175 0.33
