1 0.627 0.736 0.309 0.241
1 0.965 0.846 0.073 0.152
1 0.37 0.255 0.092 0.055
1 0.274 0.33 0.023 0.036
1 0.298 0.279 0.055 0.033
1 0.239 0.509 0.062 0.067
1 0.495 0.271 0.027 0.023
1 0.515 0.296 0.03 0.027
1 0.527 0.333 0.059 0.044
1 0.598 0.373 0.064 0.077
1 0.679 0.366 0.055 0.053
1 0.629 0.416 0.13 0.062
1 0.73 0.408 0.078 0.062
1 0.655 0.556 0.117 0.141
1 0.718 0.463 0.105 0.053
1 0.742 0.578 0.081 0.159
1 0.93 0.309 0.034 0.052
1 0.989 0.296 0.025 0.036
1 0.866 0.399 0.027 0.033
1 0.78 0.509 0.13 0.078
1 0.988 0.717 0.027 0.091
1 0.92 0.561 0.164 0.178
1 0.986 0.214 0.022 0.031
0 0.366 0.352 0.273 0.177
0 0.239 0.63 0.056 0.177
0 0.324 0.828 0.302 0.347
0 0.628 0.926 0.309 0.152
0 0.891 0.768 0.222 0.467
0 0.605 0.593 0.066 0.083
1 0.427 0.551 0.317 0.236
1 0.473 0.39 0.127 0.114
0 0.893 0.446 0.217 0.052
0 0.914 0.254 0.175 0.33
