1 0.349 0.718 0.152 0.227
1 0.478 0.341 0.056 0.064
1 0.421 0.323 0.033 0.047
1 0.059 0.813 0.072 0.08
0 0.186 0.788 0.169 0.227
1 0.203 0.613 0.125 0.106
1 0.981 0.382 0.041 0.055
1 0.916 0.383 0.03 0.044
1 0.591 0.335 0.042 0.055
0 0.534 0.746 0.109 0.27
1 0.025 0.233 0.022 0.034
1 0.091 0.28 0.022 0.03
1 0.113 0.323 0.031 0.034
1 0.208 0.305 0.047 0.055
1 0.261 0.266 0.025 0.03
1 0.284 0.309 0.014 0.016
1 0.509 0.314 0.038 0.041
1 0.547 0.277 0.025 0.038
1 0.911 0.338 0.044 0.044
1 0.845 0.356 0.036 0.044
1 0.512 0.243 0.023 0.03
1 0.534 0.211 0.013 0.025
1 0.595 0.245 0.033 0.041
1 0.605 0.285 0.027 0.036
1 0.663 0.278 0.062 0.091
1 0.744 0.284 0.031 0.041
1 0.778 0.318 0.025 0.03
1 0.84 0.293 0.027 0.027
0 0.8 0.771 0.403 0.461
0 0.515 0.448 0.327 0.15
0 0.045 0.459 0.088 0.309
0 0.922 0.488 0.159 0.152
0 0.751 0.375 0.145 0.078
0 0.46 0.946 0.092 0.111
0 0.155 0.952 0.127 0.094
