1 0.654 0.718 0.152 0.227
1 0.525 0.341 0.056 0.064
1 0.582 0.323 0.033 0.047
1 0.945 0.813 0.072 0.08
0 0.819 0.788 0.169 0.227
1 0.802 0.613 0.125 0.106
1 0.022 0.382 0.041 0.055
1 0.087 0.383 0.03 0.044
1 0.412 0.335 0.042 0.055
0 0.47 0.746 0.109 0.27
1 0.98 0.233 0.022 0.034
1 0.913 0.28 0.023 0.03
1 0.892 0.323 0.031 0.034
1 0.795 0.305 0.047 0.055
1 0.743 0.266 0.027 0.03
1 0.721 0.309 0.014 0.016
1 0.495 0.314 0.038 0.041
1 0.458 0.277 0.025 0.038
1 0.094 0.338 0.044 0.044
1 0.159 0.356 0.036 0.044
1 0.493 0.243 0.023 0.03
1 0.469 0.211 0.013 0.025
1 0.41 0.245 0.033 0.041
1 0.399 0.285 0.027 0.036
1 0.339 0.278 0.062 0.091
1 0.259 0.284 0.031 0.041
1 0.225 0.318 0.025 0.03
1 0.165 0.293 0.027 0.027
0 0.203 0.771 0.403 0.461
0 0.488 0.448 0.327 0.15
0 0.957 0.459 0.089 0.309
0 0.081 0.488 0.159 0.152
0 0.253 0.375 0.144 0.078
0 0.545 0.946 0.092 0.111
0 0.848 0.952 0.127 0.094
