0 0.133 0.232 0.263 0.105
1 0.372 0.266 0.094 0.075
1 0.158 0.321 0.122 0.07
1 0.069 0.816 0.134 0.111
1 0.181 0.407 0.156 0.108
1 0.199 0.53 0.102 0.102
1 0.445 0.409 0.164 0.12
1 0.685 0.579 0.211 0.161
1 0.553 0.327 0.047 0.047
1 0.613 0.388 0.105 0.07
1 0.592 0.458 0.125 0.078
1 0.55 0.787 0.263 0.236
1 0.299 0.91 0.18 0.183
0 0.282 0.702 0.27 0.205
0 0.312 0.482 0.102 0.248
0 0.072 0.524 0.141 0.13
0 0.472 0.57 0.216 0.195
0 0.108 0.937 0.213 0.13
0 0.459 0.855 0.141 0.172
0 0.577 0.952 0.117 0.098
1 0.694 0.967 0.103 0.069
1 0.799 0.787 0.227 0.236
1 0.021 0.643 0.039 0.061
1 0.037 0.349 0.052 0.052
