0 0.133 0.771 0.263 0.105
1 0.372 0.739 0.094 0.075
1 0.158 0.685 0.122 0.07
1 0.069 0.188 0.134 0.111
1 0.181 0.596 0.156 0.108
1 0.199 0.474 0.102 0.102
1 0.445 0.595 0.164 0.12
1 0.685 0.427 0.211 0.163
1 0.553 0.677 0.047 0.047
1 0.613 0.616 0.105 0.07
1 0.592 0.545 0.125 0.078
1 0.55 0.216 0.263 0.236
1 0.299 0.092 0.18 0.181
0 0.282 0.301 0.27 0.205
0 0.312 0.52 0.102 0.247
0 0.072 0.48 0.141 0.13
0 0.472 0.435 0.216 0.195
0 0.108 0.066 0.213 0.13
0 0.459 0.15 0.141 0.172
0 0.577 0.05 0.117 0.097
1 0.694 0.036 0.103 0.069
1 0.799 0.216 0.227 0.236
1 0.021 0.36 0.039 0.061
1 0.037 0.654 0.052 0.052
