1 0.146 0.924 0.289 0.155
1 0.235 0.717 0.467 0.234
1 0.741 0.853 0.083 0.206
1 0.652 0.755 0.128 0.169
1 0.498 0.867 0.056 0.128
1 0.967 0.833 0.069 0.144
1 0.944 0.492 0.116 0.278
1 0.646 0.648 0.461 0.203
1 0.909 0.714 0.08 0.169
1 0.248 0.551 0.402 0.152
1 0.678 0.466 0.444 0.156
1 0.169 0.416 0.106 0.139
1 0.391 0.372 0.3 0.228
1 0.567 0.32 0.094 0.075
1 0.656 0.364 0.141 0.097
0 0.419 0.915 0.15 0.139
0 0.291 0.926 0.114 0.152
0 0.234 0.881 0.086 0.047
0 0.859 0.823 0.141 0.138
0 0.461 0.823 0.041 0.077
0 0.854 0.443 0.042 0.073
0 0.882 0.625 0.055 0.138
0 0.957 0.671 0.045 0.117
