1 0.61 0.635 0.42 0.258
1 0.373 0.373 0.219 0.436
1 0.397 0.046 0.078 0.067
1 0.551 0.13 0.142 0.114
1 0.727 0.238 0.122 0.145
1 0.855 0.21 0.039 0.058
1 0.888 0.412 0.067 0.205
1 0.039 0.595 0.075 0.119
1 0.236 0.679 0.062 0.098
1 0.148 0.742 0.042 0.044
0 0.594 0.391 0.544 0.559
0 0.397 0.88 0.791 0.239
0 0.184 0.529 0.253 0.155
0 0.121 0.682 0.189 0.158
1 0.682 0.793 0.039 0.036
1 0.753 0.948 0.05 0.073
1 0.826 0.902 0.045 0.127
1 0.048 0.045 0.092 0.088
1 0.169 0.072 0.053 0.034
1 0.155 0.226 0.306 0.405
0 0.603 0.054 0.425 0.105
0 0.934 0.358 0.131 0.334
1 0.578 0.046 0.069 0.042
1 0.913 0.027 0.07 0.05
1 0.99 0.461 0.02 0.091
