1 0.393 0.37 0.42 0.258
1 0.631 0.63 0.219 0.436
1 0.606 0.959 0.078 0.067
1 0.452 0.873 0.142 0.114
1 0.278 0.765 0.122 0.145
1 0.149 0.795 0.039 0.058
1 0.116 0.593 0.067 0.205
1 0.963 0.408 0.073 0.119
1 0.769 0.326 0.062 0.098
1 0.857 0.26 0.042 0.045
0 0.411 0.613 0.544 0.559
0 0.606 0.122 0.788 0.241
0 0.819 0.474 0.253 0.155
0 0.882 0.323 0.189 0.158
1 0.323 0.21 0.039 0.036
1 0.252 0.055 0.05 0.073
1 0.177 0.101 0.045 0.127
1 0.955 0.957 0.091 0.086
1 0.836 0.933 0.053 0.034
1 0.848 0.777 0.305 0.405
0 0.4 0.948 0.425 0.103
0 0.068 0.647 0.133 0.334
1 0.427 0.959 0.069 0.042
1 0.09 0.976 0.07 0.048
1 0.013 0.544 0.022 0.091
