0 0.169 0.699 0.325 0.377
0 0.274 0.876 0.414 0.248
0 0.691 0.92 0.441 0.159
0 0.951 0.87 0.098 0.261
0 0.166 0.463 0.33 0.209
0 0.391 0.308 0.436 0.328
0 0.646 0.723 0.336 0.247
0 0.788 0.848 0.259 0.25
0 0.784 0.338 0.348 0.345
0 0.842 0.529 0.316 0.405
0 0.086 0.279 0.169 0.158
0 0.155 0.114 0.306 0.225
0 0.402 0.088 0.186 0.119
1 0.26 0.968 0.092 0.064
1 0.121 0.914 0.052 0.059
1 0.084 0.974 0.03 0.052
1 0.696 0.953 0.083 0.094
1 0.59 0.928 0.02 0.034
1 0.642 0.893 0.028 0.023
1 0.92 0.92 0.039 0.045
1 0.954 0.98 0.03 0.039
1 0.96 0.795 0.08 0.102
1 0.715 0.83 0.114 0.088
1 0.588 0.879 0.059 0.045
1 0.458 0.883 0.016 0.031
1 0.308 0.77 0.047 0.048
1 0.453 0.802 0.044 0.059
1 0.079 0.891 0.064 0.059
1 0.023 0.866 0.044 0.047
1 0.513 0.847 0.03 0.041
1 0.892 0.738 0.019 0.023
1 0.759 0.666 0.067 0.072
1 0.939 0.63 0.028 0.028
1 0.018 0.734 0.027 0.047
1 0.075 0.445 0.075 0.048
1 0.074 0.785 0.095 0.048
