0 0.334 0.462 0.141 0.208
0 0.622 0.728 0.144 0.244
0 0.17 0.302 0.147 0.213
0 0.06 0.123 0.111 0.23
0 0.178 0.041 0.147 0.08
0 0.334 0.041 0.159 0.08
0 0.52 0.041 0.192 0.078
0 0.713 0.094 0.161 0.184
0 0.841 0.066 0.113 0.128
0 0.946 0.168 0.111 0.211
0 0.949 0.023 0.105 0.042
0 0.277 0.208 0.127 0.222
0 0.402 0.202 0.131 0.216
0 0.562 0.202 0.153 0.245
0 0.706 0.286 0.156 0.191
0 0.836 0.285 0.131 0.195
0 0.488 0.407 0.159 0.173
0 0.03 0.427 0.05 0.184
0 0.127 0.515 0.127 0.189
0 0.083 0.734 0.15 0.216
0 0.041 0.928 0.078 0.147
0 0.135 0.922 0.127 0.156
0 0.281 0.924 0.134 0.155
0 0.427 0.953 0.119 0.097
0 0.566 0.93 0.142 0.144
0 0.753 0.841 0.128 0.223
0 0.873 0.846 0.13 0.22
0 0.975 0.81 0.053 0.164
0 0.956 0.964 0.084 0.075
0 0.933 0.627 0.128 0.192
0 0.96 0.42 0.083 0.211
0 0.476 0.598 0.136 0.178
0 0.402 0.776 0.145 0.186
0 0.262 0.672 0.127 0.219
0 0.653 0.495 0.141 0.22
0 0.814 0.53 0.144 0.239
