0 0.17 0.344 0.338 0.369
0 0.413 0.82 0.159 0.223
0 0.248 0.82 0.216 0.225
1 0.723 0.423 0.183 0.223
1 0.922 0.424 0.156 0.164
1 0.637 0.582 0.111 0.136
0 0.768 0.155 0.464 0.308
0 0.859 0.776 0.281 0.448
1 0.569 0.96 0.103 0.061
1 0.464 0.53 0.072 0.073
1 0.334 0.17 0.036 0.064
1 0.066 0.08 0.088 0.156
1 0.265 0.745 0.17 0.062
1 0.161 0.852 0.047 0.141
1 0.269 0.922 0.088 0.056
1 0.371 0.91 0.055 0.092
1 0.066 0.829 0.128 0.061
0 0.089 0.704 0.175 0.18
1 0.857 0.748 0.039 0.075
1 0.329 0.193 0.286 0.23
