1 0.041 0.677 0.078 0.648
1 0.119 0.905 0.075 0.194
1 0.223 0.899 0.094 0.205
1 0.654 0.868 0.083 0.267
1 0.74 0.924 0.07 0.155
1 0.789 0.888 0.072 0.228
1 0.896 0.502 0.077 1
1 0.966 0.868 0.07 0.267
1 0.984 0.482 0.036 0.53
1 0.532 0.502 0.098 1
1 0.603 0.491 0.084 0.561
1 0.39 0.502 0.136 1
1 0.392 0.502 0.175 1
1 0.252 0.447 0.092 0.891
1 0.282 0.947 0.052 0.109
1 0.081 0.283 0.088 0.459
1 0.15 0.469 0.109 0.934
1 0.684 0.196 0.122 0.389
1 0.723 0.635 0.148 0.473
1 0.817 0.686 0.075 0.272
1 0.793 0.219 0.098 0.428
1 0.955 0.317 0.092 0.472
