0 0.085 0.723 0.108 0.33
0 0.306 0.84 0.181 0.198
0 0.424 0.735 0.064 0.227
0 0.52 0.78 0.061 0.173
0 0.597 0.838 0.078 0.127
0 0.465 0.956 0.427 0.091
0 0.471 0.897 0.111 0.053
0 0.154 0.964 0.189 0.075
0 0.044 0.935 0.084 0.133
0 0.498 0.621 0.078 0.28
0 0.565 0.688 0.055 0.144
0 0.648 0.636 0.075 0.244
0 0.836 0.812 0.331 0.361
0 0.732 0.638 0.058 0.142
0 0.684 0.444 0.058 0.144
0 0.831 0.898 0.1 0.206
0 0.947 0.902 0.091 0.2
0 0.831 0.76 0.072 0.067
0 0.913 0.528 0.172 0.203
0 0.926 0.326 0.13 0.161
0 0.788 0.35 0.117 0.163
0 0.212 0.15 0.161 0.234
0 0.776 0.18 0.22 0.2
0 0.578 0.181 0.181 0.291
0 0.385 0.31 0.158 0.27
0 0.469 0.486 0.303 0.231
0 0.234 0.575 0.2 0.2
