1 0.458 0.78 0.1 0.131
1 0.148 0.952 0.105 0.1
1 0.634 0.707 0.08 0.098
1 0.477 0.565 0.1 0.117
1 0.141 0.643 0.089 0.167
1 0.496 0.359 0.064 0.081
1 0.757 0.503 0.083 0.119
1 0.809 0.618 0.091 0.083
0 0.884 0.844 0.083 0.191
0 0.268 0.898 0.12 0.208
0 0.361 0.359 0.122 0.134
0 0.257 0.538 0.123 0.123
0 0.084 0.402 0.086 0.188
1 0.33 0.705 0.152 0.145
1 0.074 0.766 0.098 0.114
1 0.056 0.924 0.109 0.145
1 0.369 0.935 0.088 0.102
1 0.47 0.912 0.047 0.092
1 0.574 0.684 0.064 0.073
1 0.659 0.807 0.075 0.092
0 0.736 0.855 0.1 0.17
0 0.566 0.82 0.108 0.191
1 0.788 0.685 0.078 0.07
1 0.701 0.624 0.102 0.117
0 0.92 0.816 0.164 0.298
0 0.713 0.972 0.117 0.059
1 0.544 0.436 0.069 0.081
0 0.369 0.491 0.059 0.198
1 0.203 0.435 0.066 0.098
0 0.626 0.348 0.102 0.116
0 0.774 0.402 0.161 0.086
