1 0.458 0.223 0.1 0.131
1 0.148 0.052 0.105 0.1
1 0.634 0.298 0.08 0.1
1 0.477 0.438 0.1 0.117
1 0.141 0.362 0.089 0.167
1 0.496 0.644 0.064 0.081
1 0.757 0.5 0.083 0.119
1 0.809 0.386 0.091 0.084
0 0.884 0.159 0.083 0.191
0 0.268 0.105 0.12 0.208
0 0.361 0.644 0.122 0.134
0 0.257 0.465 0.123 0.123
0 0.084 0.602 0.086 0.189
1 0.33 0.299 0.152 0.145
1 0.074 0.238 0.098 0.114
1 0.056 0.079 0.109 0.145
1 0.369 0.068 0.088 0.102
1 0.47 0.093 0.047 0.092
1 0.574 0.32 0.064 0.073
1 0.659 0.198 0.075 0.092
0 0.736 0.148 0.1 0.17
0 0.566 0.183 0.108 0.191
1 0.788 0.318 0.078 0.07
1 0.701 0.38 0.102 0.117
0 0.92 0.187 0.164 0.298
0 0.713 0.031 0.117 0.059
1 0.544 0.569 0.069 0.081
0 0.369 0.512 0.059 0.198
1 0.203 0.57 0.066 0.098
0 0.626 0.656 0.102 0.116
0 0.774 0.601 0.161 0.086
