1 0.266 0.299 0.52 0.595
0 0.066 0.164 0.119 0.303
0 0.618 0.592 0.767 0.816
0 0.123 0.801 0.23 0.402
0 0.732 0.239 0.339 0.463
1 0.934 0.64 0.12 0.139
1 0.682 0.682 0.08 0.164
1 0.586 0.594 0.113 0.116
1 0.474 0.408 0.114 0.169
1 0.37 0.58 0.061 0.07
1 0.331 0.725 0.094 0.184
1 0.472 0.959 0.047 0.086
1 0.58 0.845 0.094 0.203
1 0.281 0.933 0.059 0.072
1 0.358 0.89 0.091 0.152
1 0.445 0.741 0.139 0.153
0 0.848 0.828 0.308 0.225
0 0.558 0.455 0.059 0.147
0 0.756 0.515 0.234 0.12
0 0.94 0.493 0.123 0.161
0 0.952 0.212 0.098 0.398
