1 0.266 0.703 0.52 0.594
0 0.066 0.839 0.119 0.303
0 0.617 0.411 0.766 0.816
0 0.123 0.202 0.23 0.402
0 0.732 0.764 0.339 0.463
1 0.934 0.363 0.12 0.139
1 0.682 0.321 0.08 0.164
1 0.586 0.409 0.113 0.116
1 0.474 0.595 0.114 0.169
1 0.37 0.423 0.061 0.07
1 0.331 0.28 0.094 0.184
1 0.472 0.045 0.047 0.086
1 0.58 0.159 0.094 0.203
1 0.281 0.072 0.059 0.072
1 0.358 0.113 0.091 0.152
1 0.445 0.264 0.139 0.153
0 0.847 0.175 0.306 0.225
0 0.558 0.548 0.059 0.147
0 0.756 0.49 0.234 0.12
0 0.939 0.512 0.122 0.161
0 0.952 0.791 0.097 0.398
