1 0.737 0.299 0.52 0.595
0 0.939 0.164 0.119 0.303
0 0.385 0.592 0.767 0.816
0 0.88 0.8 0.23 0.4
0 0.273 0.239 0.339 0.463
1 0.071 0.64 0.12 0.139
1 0.32 0.682 0.078 0.164
1 0.417 0.594 0.113 0.116
1 0.53 0.408 0.114 0.169
1 0.633 0.58 0.059 0.07
1 0.673 0.725 0.094 0.184
1 0.533 0.958 0.047 0.084
1 0.425 0.845 0.094 0.203
1 0.722 0.933 0.059 0.072
1 0.647 0.89 0.091 0.152
1 0.56 0.741 0.139 0.153
0 0.155 0.828 0.308 0.225
0 0.447 0.455 0.059 0.147
0 0.247 0.515 0.234 0.12
0 0.063 0.493 0.123 0.161
0 0.051 0.212 0.098 0.398
