1 0.273 0.74 0.047 0.083
1 0.417 0.807 0.088 0.145
1 0.316 0.433 0.094 0.15
1 0.512 0.917 0.098 0.122
1 0.296 0.623 0.098 0.148
1 0.42 0.57 0.089 0.131
1 0.566 0.359 0.13 0.15
1 0.427 0.435 0.08 0.105
1 0.656 0.41 0.05 0.083
1 0.638 0.53 0.106 0.125
1 0.507 0.522 0.08 0.125
1 0.471 0.659 0.064 0.091
1 0.606 0.729 0.097 0.117
1 0.505 0.783 0.067 0.091
1 0.534 0.577 0.061 0.081
1 0.201 0.382 0.145 0.152
1 0.62 0.247 0.388 0.394
1 0.279 0.132 0.233 0.173
1 0.084 0.279 0.069 0.092
0 0.614 0.627 0.094 0.072
0 0.393 0.682 0.089 0.092
0 0.335 0.761 0.067 0.119
0 0.575 0.509 0.05 0.117
0 0.424 0.27 0.155 0.225
0 0.615 0.23 0.098 0.111
0 0.279 0.891 0.173 0.222
0 0.908 0.621 0.188 0.761
0 0.791 0.644 0.22 0.716
