1 0.725 0.236 0.116 0.194
1 0.579 0.222 0.102 0.141
1 0.383 0.128 0.153 0.191
1 0.447 0.38 0.1 0.213
1 0.585 0.409 0.105 0.163
1 0.745 0.488 0.108 0.175
1 0.907 0.245 0.123 0.141
1 0.158 0.114 0.188 0.225
1 0.505 0.541 0.067 0.116
1 0.583 0.734 0.094 0.183
1 0.46 0.702 0.073 0.106
1 0.284 0.363 0.117 0.163
1 0.835 0.092 0.117 0.113
1 0.782 0.638 0.07 0.1
1 0.456 0.884 0.103 0.139
1 0.33 0.63 0.103 0.136
1 0.687 0.058 0.073 0.113
0 0.1 0.662 0.197 0.68
0 0.91 0.677 0.173 0.648
0 0.769 0.849 0.213 0.305
0 0.213 0.15 0.091 0.103
