1 0.278 0.767 0.116 0.194
1 0.424 0.783 0.102 0.141
1 0.622 0.877 0.153 0.191
1 0.558 0.625 0.1 0.213
1 0.42 0.594 0.105 0.163
1 0.259 0.517 0.108 0.175
1 0.097 0.759 0.122 0.141
1 0.845 0.889 0.188 0.225
1 0.498 0.464 0.067 0.116
1 0.42 0.27 0.094 0.183
1 0.545 0.301 0.073 0.108
1 0.721 0.641 0.117 0.163
1 0.168 0.913 0.117 0.113
1 0.221 0.367 0.07 0.1
1 0.547 0.12 0.103 0.139
1 0.675 0.373 0.103 0.136
1 0.318 0.945 0.073 0.113
0 0.903 0.341 0.197 0.678
0 0.095 0.327 0.173 0.65
0 0.234 0.155 0.213 0.306
0 0.792 0.853 0.091 0.103
