1 0.278 0.236 0.116 0.194
1 0.424 0.222 0.102 0.141
1 0.622 0.128 0.153 0.191
1 0.558 0.38 0.1 0.213
1 0.42 0.409 0.105 0.163
1 0.259 0.488 0.108 0.175
1 0.097 0.245 0.122 0.141
1 0.845 0.114 0.188 0.225
1 0.498 0.541 0.067 0.116
1 0.42 0.734 0.094 0.183
1 0.545 0.702 0.073 0.106
1 0.721 0.363 0.117 0.163
1 0.168 0.092 0.117 0.113
1 0.221 0.638 0.07 0.1
1 0.547 0.884 0.103 0.139
1 0.675 0.63 0.103 0.136
1 0.318 0.058 0.073 0.113
0 0.903 0.662 0.197 0.68
0 0.095 0.677 0.173 0.648
0 0.234 0.849 0.213 0.305
0 0.792 0.15 0.091 0.103
