1 0.886 0.681 0.075 0.106
1 0.777 0.46 0.169 0.127
1 0.925 0.112 0.125 0.148
1 0.698 0.092 0.08 0.181
1 0.654 0.344 0.098 0.081
1 0.406 0.29 0.372 0.117
1 0.1 0.303 0.197 0.166
1 0.458 0.37 0.103 0.047
1 0.062 0.514 0.12 0.084
1 0.163 0.43 0.067 0.088
1 0.249 0.62 0.211 0.052
1 0.255 0.515 0.067 0.077
1 0.809 0.588 0.194 0.088
1 0.615 0.601 0.136 0.083
1 0.48 0.509 0.105 0.08
1 0.984 0.588 0.036 0.089
1 0.048 0.598 0.094 0.067
1 0.062 0.033 0.12 0.062
1 0.37 0.125 0.109 0.056
1 0.329 0.196 0.127 0.064
1 0.432 0.057 0.067 0.064
1 0.884 0.226 0.066 0.083
0 0.556 0.066 0.175 0.106
0 0.553 0.397 0.075 0.081
0 0.802 0.057 0.083 0.111
0 0.968 0.382 0.067 0.233
0 0.687 0.714 0.161 0.069
0 0.452 0.643 0.161 0.092
0 0.095 0.714 0.07 0.106
0 0.125 0.135 0.247 0.111
0 0.783 0.32 0.122 0.153
1 0.812 0.171 0.105 0.111
1 0.563 0.702 0.089 0.066
1 0.43 0.712 0.072 0.039
1 0.155 0.705 0.053 0.05
1 0.035 0.699 0.033 0.042
0 0.09 0.69 0.064 0.045
1 0.559 0.759 0.069 0.042
0 0.255 0.716 0.047 0.103
0 0.773 0.777 0.059 0.042
1 0.773 0.302 0.036 0.041
1 0.83 0.321 0.022 0.027
1 0.902 0.346 0.031 0.027
