0 0.551 0.729 0.139 0.198
0 0.854 0.288 0.295 0.136
1 0.506 0.563 0.297 0.142
1 0.445 0.75 0.117 0.103
0 0.429 0.845 0.083 0.083
0 0.384 0.693 0.092 0.117
0 0.3 0.838 0.166 0.328
1 0.124 0.755 0.18 0.309
0 0.496 0.924 0.227 0.155
0 0.285 0.583 0.13 0.188
1 0.522 0.264 0.344 0.109
1 0.197 0.418 0.044 0.052
0 0.034 0.544 0.066 0.116
0 0.705 0.848 0.138 0.152
0 0.748 0.67 0.152 0.078
0 0.916 0.845 0.073 0.075
0 0.903 0.737 0.075 0.077
0 0.808 0.93 0.178 0.142
0 0.962 0.475 0.08 0.166
1 0.892 0.487 0.219 0.28
1 0.719 0.484 0.125 0.27
1 0.977 0.691 0.05 0.134
0 0.142 0.53 0.113 0.141
0 0.341 0.428 0.092 0.1
1 0.516 0.406 0.278 0.166
0 0.432 0.446 0.083 0.098
0 0.59 0.441 0.086 0.095
1 0.219 0.32 0.05 0.042
1 0.259 0.336 0.053 0.041
0 0.255 0.416 0.07 0.12
0 0.323 0.296 0.08 0.105
0 0.088 0.434 0.17 0.111
1 0.109 0.409 0.019 0.022
1 0.322 0.262 0.028 0.03
1 0.304 0.372 0.045 0.069
1 0.791 0.276 0.12 0.083
