0 0.906 0.634 0.184 0.138
0 0.037 0.809 0.061 0.077
0 0.484 0.832 0.078 0.07
0 0.167 0.887 0.116 0.086
0 0.403 0.918 0.172 0.167
1 0.113 0.663 0.048 0.042
1 0.382 0.759 0.052 0.052
1 0.551 0.642 0.08 0.094
1 0.583 0.726 0.041 0.036
1 0.319 0.623 0.069 0.052
1 0.83 0.44 0.138 0.061
1 0.627 0.568 0.056 0.052
0 0.284 0.778 0.088 0.059
0 0.713 0.545 0.036 0.064
0 0.26 0.648 0.055 0.047
0 0.764 0.817 0.038 0.088
0 0.314 0.541 0.147 0.058
0 0.652 0.516 0.044 0.059
0 0.82 0.5 0.07 0.034
0 0.288 0.455 0.083 0.052
