0 0.795 0.751 0.173 0.227
0 0.095 0.546 0.186 0.28
1 0.103 0.645 0.144 0.116
0 0.253 0.611 0.197 0.222
1 0.354 0.502 0.177 0.234
0 0.435 0.441 0.114 0.133
0 0.657 0.404 0.223 0.183
0 0.606 0.38 0.109 0.116
0 0.495 0.359 0.2 0.113
1 0.512 0.577 0.167 0.164
1 0.791 0.28 0.28 0.138
1 0.925 0.355 0.147 0.103
0 0.566 0.477 0.211 0.123
0 0.173 0.928 0.163 0.138
1 0.945 0.862 0.106 0.27
0 0.434 0.87 0.223 0.253
1 0.555 0.724 0.08 0.111
0 0.813 0.528 0.27 0.253
1 0.266 0.37 0.289 0.241
1 0.195 0.266 0.259 0.164
1 0.537 0.244 0.23 0.181
1 0.713 0.068 0.236 0.133
1 0.884 0.184 0.236 0.231
1 0.055 0.237 0.106 0.186
