1 0.059 0.583 0.106 0.066
1 0.763 0.073 0.178 0.142
1 0.448 0.637 0.067 0.07
1 0.135 0.739 0.083 0.078
0 0.377 0.527 0.214 0.145
0 0.352 0.884 0.092 0.163
0 0.675 0.808 0.169 0.191
0 0.193 0.302 0.177 0.192
0 0.581 0.484 0.128 0.142
0 0.948 0.636 0.108 0.634
0 0.479 0.211 0.095 0.109
0 0.704 0.268 0.136 0.148
0 0.459 0.899 0.127 0.139
1 0.451 0.796 0.105 0.12
0 0.165 0.524 0.089 0.173
0 0.537 0.629 0.067 0.102
0 0.666 0.645 0.169 0.153
1 0.799 0.143 0.064 0.052
0 0.365 0.416 0.286 0.178
1 0.529 0.277 0.133 0.119
1 0.183 0.816 0.088 0.098
