1 0.097 0.684 0.184 0.414
0 0.172 0.539 0.269 0.216
0 0.296 0.823 0.211 0.356
1 0.432 0.7 0.061 0.125
0 0.531 0.896 0.294 0.211
0 0.427 0.693 0.202 0.202
1 0.254 0.259 0.105 0.072
1 0.038 0.241 0.072 0.028
1 0.331 0.249 0.041 0.061
1 0.17 0.202 0.092 0.05
1 0.088 0.199 0.044 0.039
1 0.269 0.166 0.15 0.095
1 0.094 0.143 0.031 0.061
1 0.057 0.137 0.027 0.017
0 0.153 0.288 0.303 0.178
1 0.456 0.277 0.184 0.17
0 0.413 0.373 0.222 0.191
0 0.848 0.891 0.073 0.161
0 0.695 0.723 0.175 0.153
1 0.563 0.69 0.073 0.295
1 0.705 0.893 0.208 0.217
1 0.832 0.752 0.077 0.094
1 0.933 0.853 0.138 0.084
1 0.898 0.952 0.053 0.098
0 0.566 0.302 0.059 0.12
0 0.58 0.199 0.055 0.105
1 0.647 0.22 0.078 0.1
0 0.701 0.185 0.092 0.127
0 0.797 0.201 0.1 0.108
1 0.834 0.109 0.144 0.113
1 0.452 0.114 0.203 0.225
1 0.644 0.386 0.166 0.197
1 0.862 0.666 0.092 0.042
0 0.898 0.742 0.066 0.116
1 0.959 0.682 0.084 0.164
0 0.944 0.343 0.075 0.07
0 0.838 0.391 0.083 0.089
1 0.942 0.445 0.119 0.189
0 0.945 0.556 0.113 0.113
1 0.804 0.506 0.18 0.138
0 0.263 0.182 0.117 0.067
