1 0.471 0.777 0.152 0.177
0 0.462 0.612 0.095 0.136
0 0.822 0.194 0.359 0.247
0 0.403 0.113 0.081 0.075
1 0.189 0.627 0.375 0.748
0 0.034 0.074 0.058 0.145
1 0.07 0.163 0.136 0.175
1 0.566 0.587 0.119 0.177
1 0.781 0.838 0.441 0.319
0 0.559 0.427 0.106 0.133
0 0.597 0.026 0.138 0.048
0 0.701 0.545 0.145 0.259
1 0.227 0.168 0.116 0.13
0 0.555 0.305 0.138 0.105
0 0.423 0.356 0.083 0.222
1 0.891 0.501 0.22 0.364
0 0.981 0.449 0.041 0.114
0 0.911 0.377 0.081 0.055
0 0.846 0.486 0.077 0.122
0 0.305 0.07 0.116 0.106
0 0.548 0.153 0.175 0.194
1 0.502 0.229 0.089 0.042
1 0.345 0.25 0.091 0.088
1 0.73 0.031 0.119 0.059
1 0.508 0.027 0.072 0.048
0 0.901 0.033 0.202 0.062
0 0.16 0.102 0.061 0.073
0 0.112 0.036 0.095 0.069
