1 0.356 0.88 0.169 0.164
1 0.702 0.823 0.183 0.173
1 0.236 0.716 0.2 0.208
1 0.375 0.736 0.128 0.15
1 0.491 0.789 0.103 0.097
1 0.114 0.496 0.084 0.108
1 0.095 0.396 0.091 0.067
1 0.193 0.405 0.095 0.098
1 0.159 0.366 0.05 0.083
1 0.531 0.227 0.091 0.075
1 0.578 0.195 0.103 0.144
1 0.648 0.325 0.122 0.05
1 0.694 0.251 0.125 0.083
1 0.89 0.463 0.136 0.108
0 0.891 0.661 0.219 0.156
1 0.941 0.554 0.119 0.136
0 0.752 0.62 0.106 0.152
1 0.812 0.541 0.136 0.086
1 0.661 0.37 0.128 0.067
1 0.295 0.309 0.075 0.105
1 0.325 0.218 0.078 0.033
1 0.571 0.689 0.292 0.1
1 0.643 0.606 0.092 0.109
1 0.58 0.763 0.05 0.062
1 0.438 0.588 0.152 0.147
1 0.551 0.59 0.111 0.136
1 0.58 0.465 0.181 0.17
1 0.707 0.463 0.145 0.141
1 0.768 0.481 0.045 0.034
1 0.778 0.405 0.059 0.042
1 0.814 0.364 0.069 0.05
1 0.53 0.344 0.123 0.109
1 0.308 0.437 0.147 0.152
1 0.366 0.341 0.07 0.086
1 0.428 0.469 0.109 0.119
1 0.43 0.359 0.08 0.102
1 0.477 0.426 0.036 0.052
1 0.222 0.548 0.234 0.177
0 0.93 0.784 0.139 0.156
0 0.816 0.75 0.127 0.144
