1 0.54 0.726 0.058 0.08
1 0.597 0.709 0.053 0.089
1 0.378 0.506 0.113 0.253
1 0.338 0.444 0.073 0.094
1 0.467 0.604 0.097 0.13
1 0.484 0.733 0.064 0.084
1 0.5 0.452 0.084 0.111
1 0.608 0.588 0.047 0.089
1 0.838 0.239 0.239 0.316
1 0.975 0.471 0.047 0.111
1 0.427 0.809 0.062 0.12
1 0.966 0.626 0.064 0.13
1 0.903 0.54 0.144 0.195
1 0.766 0.548 0.111 0.097
1 0.54 0.557 0.07 0.133
1 0.81 0.641 0.064 0.123
1 0.748 0.646 0.066 0.089
1 0.703 0.448 0.097 0.075
1 0.6 0.437 0.084 0.152
1 0.659 0.534 0.067 0.116
1 0.172 0.708 0.206 0.159
1 0.152 0.537 0.059 0.111
1 0.259 0.562 0.086 0.177
1 0.342 0.73 0.1 0.177
