1 0.801 0.37 0.148 0.292
1 0.078 0.447 0.153 0.266
1 0.138 0.783 0.273 0.247
1 0.641 0.511 0.141 0.219
1 0.5 0.554 0.069 0.123
1 0.4 0.573 0.075 0.145
1 0.458 0.448 0.066 0.109
1 0.355 0.461 0.061 0.109
1 0.24 0.465 0.098 0.114
1 0.223 0.346 0.134 0.073
1 0.491 0.288 0.109 0.092
1 0.627 0.335 0.055 0.07
1 0.684 0.235 0.073 0.086
1 0.578 0.234 0.038 0.138
1 0.312 0.551 0.056 0.083
1 0.909 0.347 0.122 0.069
1 0.87 0.173 0.045 0.117
0 0.954 0.158 0.095 0.312
0 0.342 0.081 0.681 0.159
1 0.797 0.079 0.075 0.155
