1 0.597 0.521 0.537 0.586
0 0.166 0.502 0.33 1
1 0.963 0.794 0.034 0.047
0 0.876 0.769 0.252 0.466
0 0.519 0.104 0.388 0.205
1 0.172 0.066 0.103 0.117
1 0.257 0.188 0.033 0.048
1 0.323 0.399 0.028 0.042
1 0.219 0.479 0.025 0.045
1 0.181 0.3 0.034 0.038
1 0.03 0.159 0.034 0.047
1 0.014 0.265 0.025 0.045
1 0.013 0.348 0.022 0.034
1 0.086 0.405 0.028 0.039
1 0.072 0.498 0.028 0.033
1 0.088 0.58 0.027 0.036
1 0.111 0.64 0.022 0.02
1 0.121 0.83 0.02 0.027
1 0.072 0.905 0.022 0.033
1 0.047 0.755 0.028 0.028
