0 0.321 0.605 0.142 0.178
1 0.116 0.059 0.07 0.089
1 0.259 0.099 0.153 0.173
1 0.572 0.395 0.119 0.144
1 0.759 0.568 0.189 0.227
1 0.164 0.195 0.066 0.109
1 0.226 0.456 0.227 0.141
1 0.305 0.349 0.075 0.089
1 0.443 0.534 0.092 0.106
1 0.592 0.668 0.116 0.192
1 0.704 0.902 0.089 0.08
1 0.735 0.783 0.064 0.059
0 0.427 0.286 0.159 0.391
1 0.468 0.78 0.117 0.108
1 0.673 0.042 0.658 0.081
1 0.756 0.17 0.491 0.153
1 0.734 0.333 0.217 0.194
0 0.884 0.839 0.236 0.325
0 0.592 0.858 0.119 0.181
0 0.463 0.653 0.133 0.138
0 0.582 0.523 0.158 0.098
0 0.184 0.318 0.155 0.117
0 0.272 0.241 0.144 0.123
