1 0.785 0.439 0.433 0.294
1 0.373 0.626 0.269 0.333
1 0.877 0.82 0.25 0.364
1 0.614 0.92 0.097 0.163
1 0.547 0.614 0.059 0.088
1 0.341 0.372 0.309 0.178
1 0.111 0.321 0.219 0.133
1 0.279 0.224 0.142 0.07
1 0.864 0.22 0.122 0.109
1 0.197 0.96 0.228 0.083
1 0.752 0.602 0.267 0.083
1 0.441 0.22 0.072 0.058
1 0.532 0.438 0.073 0.048
1 0.545 0.52 0.083 0.067
1 0.508 0.478 0.069 0.053
1 0.449 0.886 0.048 0.094
1 0.149 0.419 0.061 0.041
1 0.158 0.481 0.078 0.069
1 0.52 0.149 0.202 0.055
1 0.673 0.159 0.078 0.064
1 0.795 0.28 0.072 0.039
