1 0.218 0.439 0.433 0.294
1 0.63 0.626 0.269 0.333
1 0.127 0.82 0.25 0.364
1 0.391 0.92 0.097 0.163
1 0.458 0.614 0.059 0.088
1 0.664 0.372 0.309 0.178
1 0.892 0.321 0.219 0.133
1 0.723 0.224 0.141 0.07
1 0.141 0.22 0.122 0.109
1 0.808 0.96 0.228 0.083
1 0.251 0.602 0.267 0.083
1 0.564 0.22 0.072 0.058
1 0.473 0.438 0.073 0.048
1 0.46 0.52 0.083 0.067
1 0.495 0.478 0.069 0.053
1 0.555 0.886 0.048 0.094
1 0.854 0.419 0.061 0.041
1 0.847 0.481 0.078 0.069
1 0.485 0.149 0.202 0.055
1 0.33 0.159 0.078 0.064
1 0.209 0.28 0.072 0.039
