0 0.092 0.222 0.181 0.238
0 0.229 0.438 0.286 0.167
0 0.158 0.347 0.163 0.128
0 0.05 0.425 0.078 0.044
0 0.088 0.634 0.163 0.172
0 0.032 0.517 0.061 0.106
0 0.191 0.59 0.106 0.092
0 0.354 0.594 0.177 0.084
0 0.272 0.781 0.216 0.141
0 0.341 0.699 0.106 0.092
0 0.425 0.762 0.097 0.155
0 0.085 0.894 0.142 0.172
0 0.017 0.834 0.031 0.123
0 0.453 0.953 0.153 0.088
0 0.499 0.86 0.089 0.133
0 0.627 0.828 0.22 0.216
0 0.607 0.948 0.145 0.097
0 0.825 0.935 0.159 0.123
0 0.878 0.841 0.116 0.102
0 0.784 0.825 0.039 0.044
0 0.814 0.77 0.075 0.094
0 0.695 0.598 0.066 0.1
0 0.792 0.513 0.163 0.106
0 0.913 0.581 0.133 0.181
0 0.85 0.412 0.119 0.123
0 0.955 0.405 0.083 0.066
0 0.969 0.312 0.056 0.119
0 0.698 0.42 0.114 0.141
0 0.565 0.488 0.177 0.223
0 0.664 0.252 0.128 0.07
0 0.561 0.266 0.097 0.123
