0 0.665 0.882 0.145 0.22
0 0.468 0.945 0.167 0.105
0 0.23 0.873 0.186 0.247
0 0.407 0.784 0.239 0.252
0 0.308 0.554 0.153 0.198
0 0.166 0.624 0.198 0.242
0 0.045 0.552 0.088 0.177
0 0.438 0.429 0.256 0.292
0 0.563 0.286 0.217 0.234
0 0.145 0.334 0.216 0.269
0 0.273 0.205 0.18 0.141
0 0.092 0.123 0.181 0.172
0 0.241 0.074 0.145 0.136
0 0.627 0.09 0.167 0.167
0 0.418 0.068 0.155 0.123
0 0.945 0.873 0.105 0.203
0 0.832 0.763 0.12 0.211
0 0.808 0.502 0.169 0.225
0 0.588 0.616 0.169 0.242
0 0.013 0.409 0.022 0.075
0 0.894 0.09 0.206 0.177
0 0.779 0.207 0.189 0.198
0 0.924 0.341 0.145 0.194
0 0.953 0.596 0.088 0.22
0 0.718 0.418 0.145 0.208
0 0.723 0.7 0.097 0.181
