0 0.763 0.58 0.15 0.125
0 0.537 0.834 0.177 0.166
0 0.385 0.879 0.133 0.155
0 0.38 0.774 0.062 0.086
0 0.332 0.736 0.073 0.1
0 0.28 0.712 0.062 0.08
0 0.187 0.945 0.089 0.105
0 0.17 0.866 0.077 0.07
0 0.053 0.849 0.062 0.086
0 0.078 0.697 0.153 0.25
0 0.203 0.644 0.091 0.125
0 0.174 0.546 0.073 0.08
0 0.308 0.573 0.059 0.075
0 0.405 0.649 0.12 0.086
0 0.477 0.539 0.062 0.116
0 0.553 0.554 0.091 0.095
0 0.652 0.555 0.072 0.075
0 0.775 0.879 0.134 0.145
0 0.73 0.962 0.109 0.07
0 0.916 0.509 0.164 0.175
0 0.968 0.642 0.061 0.1
0 0.968 0.921 0.061 0.08
0 0.852 0.902 0.059 0.131
0 0.903 0.744 0.05 0.084
0 0.56 0.681 0.083 0.059
0 0.7 0.406 0.056 0.059
0 0.763 0.407 0.05 0.08
0 0.753 0.427 0.038 0.031
0 0.865 0.412 0.139 0.111
0 0.63 0.522 0.05 0.041
0 0.643 0.466 0.07 0.061
0 0.59 0.409 0.042 0.055
0 0.634 0.352 0.07 0.059
0 0.463 0.759 0.058 0.066
0 0.308 0.931 0.053 0.091
0 0.631 0.652 0.059 0.05
0 0.674 0.827 0.073 0.119
