0 0.641 0.816 0.439 0.353
0 0.812 0.648 0.367 0.286
0 0.758 0.577 0.147 0.116
0 0.891 0.574 0.214 0.202
0 0.584 0.655 0.247 0.141
0 0.3 0.562 0.116 0.095
0 0.358 0.484 0.094 0.1
0 0.533 0.924 0.25 0.145
0 0.687 0.863 0.323 0.267
0 0.843 0.591 0.189 0.186
0 0.782 0.446 0.12 0.095
0 0.941 0.509 0.114 0.1
0 0.595 0.566 0.159 0.086
0 0.632 0.506 0.167 0.106
0 0.05 0.697 0.097 0.116
0 0.328 0.788 0.094 0.127
0 0.246 0.884 0.17 0.227
0 0.24 0.725 0.089 0.1
0 0.091 0.884 0.18 0.227
0 0.448 0.625 0.094 0.131
0 0.384 0.716 0.117 0.181
0 0.85 0.813 0.297 0.317
0 0.153 0.507 0.303 0.195
0 0.173 0.657 0.103 0.105
