0 0.502 0.922 0.991 0.153
0 0.487 0.852 0.53 0.2
0 0.87 0.835 0.255 0.133
0 0.884 0.678 0.225 0.147
0 0.517 0.755 0.25 0.153
0 0.739 0.763 0.225 0.13
0 0.372 0.718 0.2 0.073
0 0.324 0.648 0.336 0.127
0 0.166 0.773 0.18 0.144
0 0.054 0.794 0.105 0.15
0 0.094 0.713 0.175 0.083
0 0.181 0.613 0.359 0.089
0 0.154 0.616 0.305 0.083
0 0.729 0.64 0.155 0.095
0 0.609 0.647 0.175 0.044
0 0.589 0.584 0.184 0.064
0 0.556 0.577 0.241 0.069
0 0.802 0.575 0.219 0.053
0 0.954 0.544 0.086 0.056
0 0.156 0.568 0.309 0.073
0 0.066 0.535 0.13 0.061
0 0.312 0.531 0.22 0.094
0 0.502 0.523 0.25 0.056
0 0.702 0.523 0.131 0.056
0 0.824 0.505 0.155 0.053
0 0.667 0.48 0.1 0.044
0 0.523 0.47 0.175 0.036
