0 0.566 0.83 0.136 0.2
0 0.46 0.884 0.189 0.227
0 0.488 0.674 0.214 0.173
0 0.725 0.908 0.253 0.178
0 0.128 0.78 0.2 0.169
0 0.052 0.952 0.1 0.089
0 0.087 0.426 0.17 0.183
0 0.135 0.503 0.18 0.169
0 0.257 0.459 0.13 0.169
0 0.212 0.223 0.233 0.241
0 0.288 0.202 0.114 0.134
0 0.048 0.246 0.094 0.195
0 0.61 0.487 0.189 0.142
0 0.758 0.329 0.259 0.111
0 0.685 0.175 0.214 0.169
0 0.542 0.302 0.2 0.138
0 0.481 0.377 0.088 0.067
0 0.582 0.406 0.073 0.062
0 0.503 0.455 0.069 0.08
0 0.688 0.584 0.173 0.195
0 0.93 0.637 0.138 0.142
0 0.841 0.679 0.133 0.12
