0 0.218 0.646 0.173 0.133
0 0.14 0.915 0.105 0.13
0 0.255 0.902 0.08 0.119
0 0.158 0.515 0.1 0.13
0 0.26 0.41 0.123 0.161
0 0.053 0.859 0.103 0.142
0 0.098 0.788 0.106 0.098
0 0.367 0.773 0.197 0.28
0 0.295 0.557 0.133 0.108
0 0.347 0.528 0.109 0.119
0 0.087 0.384 0.164 0.116
0 0.06 0.288 0.117 0.111
0 0.146 0.27 0.13 0.103
0 0.08 0.673 0.156 0.152
1 0.724 0.921 0.173 0.152
1 0.533 0.81 0.103 0.089
1 0.435 0.941 0.08 0.077
0 0.733 0.462 0.091 0.092
0 0.641 0.441 0.08 0.08
0 0.587 0.277 0.177 0.123
0 0.653 0.266 0.056 0.075
0 0.959 0.606 0.08 0.106
0 0.95 0.817 0.097 0.234
1 0.458 0.682 0.041 0.089
1 0.873 0.604 0.07 0.077
0 0.785 0.635 0.061 0.039
0 0.773 0.573 0.07 0.067
0 0.828 0.533 0.081 0.094
0 0.84 0.444 0.105 0.066
0 0.945 0.466 0.106 0.12
