0 0.216 0.535 0.17 0.133
0 0.087 0.774 0.17 0.195
0 0.087 0.737 0.07 0.12
0 0.105 0.939 0.206 0.116
0 0.587 0.833 0.123 0.163
0 0.557 0.893 0.07 0.033
0 0.445 0.968 0.359 0.058
0 0.398 0.856 0.247 0.125
0 0.272 0.685 0.213 0.217
0 0.244 0.677 0.15 0.05
0 0.35 0.785 0.216 0.242
0 0.427 0.431 0.15 0.15
0 0.423 0.552 0.123 0.075
0 0.634 0.416 0.13 0.13
0 0.622 0.534 0.159 0.1
0 0.753 0.502 0.15 0.141
0 0.777 0.754 0.284 0.33
0 0.853 0.587 0.191 0.145
0 0.928 0.734 0.141 0.15
0 0.963 0.697 0.07 0.075
0 0.973 0.577 0.05 0.075
0 0.888 0.498 0.108 0.058
0 0.731 0.645 0.141 0.113
0 0.948 0.833 0.08 0.088
0 0.802 0.879 0.128 0.055
0 0.81 0.968 0.164 0.058
0 0.728 0.816 0.181 0.195
0 0.623 0.727 0.103 0.134
0 0.519 0.753 0.1 0.113
0 0.56 0.652 0.117 0.075
