0 0.529 0.058 0.173 0.047
0 0.904 0.038 0.186 0.055
0 0.415 0.168 0.311 0.08
0 0.34 0.098 0.133 0.027
0 0.104 0.084 0.07 0.053
0 0.157 0.031 0.07 0.041
0 0.13 0.277 0.258 0.056
0 0.088 0.288 0.102 0.02
0 0.146 0.238 0.208 0.067
0 0.146 0.163 0.111 0.023
0 0.777 0.302 0.361 0.106
0 0.355 0.359 0.475 0.067
0 0.4 0.316 0.2 0.058
0 0.262 0.537 0.183 0.117
0 0.138 0.553 0.128 0.116
0 0.097 0.695 0.191 0.214
0 0.455 0.938 0.284 0.12
0 0.24 0.922 0.12 0.153
0 0.624 0.838 0.311 0.092
0 0.77 0.706 0.15 0.097
0 0.841 0.592 0.177 0.1
0 0.686 0.553 0.125 0.103
0 0.559 0.55 0.147 0.144
0 0.364 0.575 0.084 0.047
0 0.291 0.734 0.178 0.106
0 0.473 0.67 0.098 0.103
0 0.963 0.703 0.067 0.084
0 0.705 0.469 0.12 0.053
