0 0.065 0.794 0.127 0.184
0 0.27 0.779 0.177 0.086
0 0.223 0.714 0.163 0.084
0 0.098 0.639 0.194 0.156
0 0.095 0.672 0.127 0.091
0 0.15 0.624 0.069 0.055
0 0.282 0.612 0.18 0.111
0 0.386 0.664 0.103 0.075
0 0.452 0.649 0.059 0.055
0 0.311 0.527 0.2 0.069
0 0.452 0.584 0.059 0.034
0 0.45 0.531 0.116 0.05
0 0.395 0.599 0.059 0.045
0 0.056 0.924 0.109 0.145
0 0.145 0.802 0.073 0.069
0 0.523 0.97 0.163 0.055
0 0.759 0.932 0.314 0.13
0 0.88 0.827 0.238 0.231
0 0.852 0.839 0.172 0.144
0 0.702 0.824 0.119 0.064
0 0.738 0.777 0.08 0.069
0 0.962 0.887 0.073 0.12
0 0.968 0.964 0.061 0.066
0 0.925 0.774 0.147 0.086
0 0.909 0.669 0.18 0.075
0 0.952 0.616 0.094 0.08
0 0.57 0.481 0.223 0.091
0 0.528 0.484 0.147 0.084
0 0.555 0.591 0.066 0.061
0 0.413 0.466 0.07 0.03
0 0.377 0.384 0.097 0.045
0 0.245 0.474 0.114 0.045
0 0.102 0.519 0.2 0.116
