0 0.122 0.844 0.241 0.306
0 0.295 0.864 0.12 0.188
0 0.409 0.691 0.186 0.25
0 0.488 0.857 0.255 0.28
0 0.818 0.841 0.361 0.311
0 0.903 0.686 0.109 0.125
0 0.138 0.604 0.273 0.227
0 0.288 0.445 0.227 0.284
0 0.287 0.462 0.089 0.155
0 0.141 0.435 0.18 0.164
0 0.055 0.361 0.106 0.169
0 0.195 0.315 0.18 0.067
0 0.202 0.444 0.053 0.094
0 0.463 0.522 0.117 0.125
0 0.605 0.451 0.147 0.186
0 0.741 0.239 0.214 0.156
0 0.713 0.366 0.07 0.106
0 0.816 0.504 0.17 0.161
0 0.555 0.673 0.073 0.133
0 0.697 0.63 0.197 0.13
0 0.584 0.548 0.047 0.072
0 0.397 0.335 0.138 0.089
0 0.369 0.209 0.206 0.164
0 0.2 0.191 0.238 0.2
0 0.509 0.275 0.144 0.181
0 0.413 0.075 0.195 0.147
0 0.918 0.584 0.073 0.08
